3
         0          1          1 1000000000          0          1          0          0          0          0
  0.010000 9904.016506   0.003225   0.100000 100000000.000000   0.010000   5.000000   5.000000   0.000000   0.000000
 20.000000   1.714418   1.500000   1.666667   6.013654   0.000000   1.000000   0.000000   0.000000   0.000000
  8.917595   6.003361  -0.000000
 -0.380858   0.565739   0.000000
  1.000000   0.000000   0.000000
  0.000000   1.000000   0.000000
  0.000000   0.000000   1.000000
  0.000000   0.000000   0.000000
  0.000000   0.000000   0.000000
  0.000000   0.000000   0.000000
 20.000000   1.714418   3.000000   1.666667   2.214932   0.000000   1.000000   0.000000   0.000000   0.000000
 -8.917595  -6.003361   0.000000
  0.380858  -0.565739   0.000000
  1.000000   0.000000   0.000000
  0.000000   1.000000   0.000000
  0.000000   0.000000   1.000000
  0.000000   0.000000   0.000000
  0.000000   0.000000   0.000000
  0.000000   0.000000   0.000000
  1.000000   1.000000   3.000000   1.666667   0.037679   0.000000   1.000000   0.000000   0.000000   0.000000
 49.214094 -27.432331 112.402633
 -0.351497  -0.010125  -0.727355
  1.000000   0.000000   0.000000
  0.000000   1.000000   0.000000
  0.000000   0.000000   1.000000
  0.000000   0.000000   0.000000
  0.000000   0.000000   0.000000
  0.000000   0.000000   0.000000
